LUBM300/regexes:
q7_7        4   0.000177    0.0     0.000112    0.0
q11_4_7     10  0.000201    0.0     0.000157    0.0
q10_3_3     2   0.000107    0.0     0.000118    0.0
q10_5_6     2   0.000157    0.0     0.000124    0.0
q7_6        4   0.000147    0.0     0.000159    0.0
q7_0        4   0.000131    0.0     0.000115    0.0
q6_9        3   7.6e-05     0.0     6.6e-05     0.0
q10_2_4     2   9.2e-05     0.0     8.9e-05     0.0
q_14_5      17  0.000196    0.0     0.000187    0.0
q9_5_0      1   0.000106    0.0     8.2e-05     0.0
q_15_8      3 0.000102 0.0 9.8e-05 0.0
q7_3        4 0.00012 0.0 0.000128 0.0
q2_7        2 7.7e-05 0.0 6.8e-05 0.0
q_15_4      3 0.00011 0.0 0.000115 0.0
q10_5_4     2 0.000134 0.0 0.000128 0.0
q9_2_5      1 6e-05 0.0 6.4e-05 0.0
q11_5_9     15 0.000251 0.0 0.000192 0.0
q6_8 3      7.5e-05 0.0 6.5e-05 0.0
q4_4_7      1 0.000109 0.0 7.4e-05 0.0
q10_4_8     2 0.000113 0.0 0.000118 0.0
q9_5_5      1 0.00011 0.0 8.9e-05 0.0
q11_2_4     3 0.000104 0.0 9.4e-05 0.0
q_16_7      6 0.000206 0.0 0.000163 0.0
q11_2_3     3 0.000108 0.0 9.3e-05 0.0
q9_5_7      1 0.000101 0.0 0.000116 0.0
q2_2 2      0.00011 0.0 7.9e-05 0.0
q_12_9      12 0.000142 0.0 0.000114 0.0
q1_2 1      5.1e-05 0.0 5.6e-05 0.0
q_13_6      12 0.000156 0.0 0.000137 0.0
q10_4_1     2 0.00012 0.0 0.000122 0.0
q11_4_4     10 0.000223 0.0 0.000148 0.0
q5_7        4 0.000143 0.0 0.000105 0.0
q5_9        4 0.000124 0.0 0.000106 0.0
q11_5_5     15 0.000223 0.0 0.000191 0.0
q11_4_1     10 0.000218 0.0 0.000144 0.0
q10_5_9     2 0.000145 0.0 0.000127 0.0
q4_4_2      1 9.8e-05 0.0 7.2e-05 0.0
q10_4_2     2 0.000126 0.0 0.000106 0.0
q10_4_0     2 0.000135 0.0 0.000105 0.0
q4_5_9      1 8.7e-05 0.0 8.6e-05 0.0
q9_4_8      1 8.2e-05 0.0 9.6e-05 0.0
q10_5_0     2 0.00015 0.0 0.000119 0.0
q11_4_5     10 0.000229 0.0 0.00016 0.0
q10_3_1     2 0.000117 0.0 9.9e-05 0.0
q8_0 2      8.3e-05 0.0 6.6e-05 0.0
q10_2_6     2 9.8e-05 0.0 9.6e-05 0.0
q9_3_2      1 7.7e-05 0.0 6e-05 0.0
q7_5 4      0.000134 0.0 0.000115 0.0
q9_5_4      1 9.5e-05 0.0 7.9e-05 0.0
q4_2_7      1 5.8e-05 0.0 5.3e-05 0.0
q6_7        3 7.5e-05 0.0 6.4e-05 0.0
q2_3        2 8.9e-05 0.0 7.3e-05 0.0
q1_6        1 5.3e-05 0.0 4.3e-05 0.0
q4_3_5      1 6.8e-05 0.0 6.1e-05 0.0
q_13_4      12 0.000148 0.0 0.000134 0.0
q11_5_2     15 0.000229 0.0 0.000186 0.0
q3_6        5 0.000136 0.0 0.000111 0.0
q5_1        4 0.000122 0.0 0.000119 0.0
q9_3_0      1 6.8e-05 0.0 5.9e-05 0.0
q9_2_8      1 6.4e-05 0.0 5.9e-05 0.0
q8_2 2      8.2e-05 0.0 6.5e-05 0.0
q2_4 2      8.9e-05 0.0 6.9e-05 0.0
q1_7 1      7.2e-05 0.0 6.3e-05 0.0
q9_4_0      1 8.2e-05 0.0 7.2e-05 0.0
q4_2_2      1 5.8e-05 0.0 5e-05 0.0
q9_5_2      1 9.7e-05 0.0 9.1e-05 0.0
q_16_5      6 0.000183 0.0 0.000215 0.0
q11_5_7     15 0.000268 0.0 0.000212 0.0
q4_3_7      1 9e-05 0.0 8.8e-05 0.0
q10_3_9     2 0.000123 0.0 0.000102 0.0
q3_3 5      0.000169 0.0 0.000149 0.0
q6_6 3 0.000103 0.0 6.7e-05 0.0
q9_4_6 1 8.4e-05 0.0 6.9e-05 0.0
q11_4_0 10 0.000199 0.0 0.000196 0.0
q_14_7 17 0.000222 0.0 0.000234 0.0
q_13_3 12 0.000165 0.0 0.000134 0.0
q_15_5 3 0.000158 0.0 0.000108 0.0
q4_3_1 1 8.3e-05 0.0 6.5e-05 0.0
q11_5_8 15 0.000234 0.0 0.000201 0.0
q1_8 1 7.3e-05 0.0 5.1e-05 0.0
q4_3_6 1 8.2e-05 0.0 6.7e-05 0.0
q1_4 1 4.7e-05 0.0 4e-05 0.0
q11_2_1 3 0.000124 0.0 9.7e-05 0.0
q4_4_9 1 7.7e-05 0.0 8.6e-05 0.0
q1_1 1 4.7e-05 0.0 4.3e-05 0.0
q_12_5 12 0.000146 0.0 0.000145 0.0
q2_6 2 9.1e-05 0.0 7.7e-05 0.0
q_15_1 3 0.00011 0.0 9.8e-05 0.0
q4_4_0 1 8.5e-05 0.0 6.8e-05 0.0
q5_0 4 0.000131 0.0 0.000122 0.0
q11_3_9 6 0.00014 0.0 0.000147 0.0
q_14_8 17 0.000223 0.0 0.000195 0.0
q_14_4 17 0.000207 0.0 0.000171 0.0
q_14_3 17 0.00024 0.0 0.000182 0.0
q9_2_3 1 6.3e-05 0.0 5.1e-05 0.0
q_13_8 12 0.000212 0.0 0.000162 0.0
q9_4_5 1 7.8e-05 0.0 7e-05 0.0
q4_3_2 1 6.7e-05 0.0 6.9e-05 0.0
q8_7 2 8e-05 0.0 7.2e-05 0.0
q_16_4 6 0.000178 0.0 0.000171 0.0
q11_4_3 10 0.000194 0.0 0.000179 0.0
q10_3_6 2 0.000106 0.0 9.3e-05 0.0
q7_2 4 0.00012 0.0 0.000115 0.0
q1_3 1 5.1e-05 0.0 4.1e-05 0.0
q7_1 4 0.000123 0.0 0.000123 0.0
q_15_0 3 0.000123 0.0 0.000108 0.0
q3_7 5 0.000114 0.0 0.000103 0.0
q6_4 3 7.9e-05 0.0 6.5e-05 0.0
q4_3_3 1 7e-05 0.0 6e-05 0.0
q11_3_3 6 0.000141 0.0 0.000129 0.0
q8_6 2 7.5e-05 0.0 6.6e-05 0.0
q4_5_7 1 9.2e-05 0.0 9.3e-05 0.0
q8_3 2 7.7e-05 0.0 6.6e-05 0.0
q10_5_5 2 0.000132 0.0 0.000141 0.0
q11_2_6 3 0.000173 0.0 0.000109 0.0
q7_4 4 0.000126 0.0 0.000105 0.0
q_16_3 6 0.000179 0.0 0.000179 0.0
q_14_9 17 0.000187 0.0 0.000172 0.0
q3_4 5 0.000115 0.0 0.000124 0.0
q4_5_5 1 8.6e-05 0.0 7.9e-05 0.0
q3_1 5 0.000153 0.0 0.000108 0.0
q4_4_8 1 7.7e-05 0.0 6.9e-05 0.0
q_13_2 12 0.000172 0.0 0.000149 0.0
q10_4_7 2 0.00012 0.0 0.00012 0.0
q10_2_5 2 9.1e-05 0.0 0.000136 0.0
q9_3_3 1 8e-05 0.0 6.2e-05 0.0
q8_8 2 7.6e-05 0.0 6.6e-05 0.0
q10_5_8 2 0.000142 0.0 0.000127 0.0
q4_2_0 1 6.3e-05 0.0 5.7e-05 0.0
q3_2 5 0.000115 0.0 0.000103 0.0
q9_3_7 1 7.2e-05 0.0 6.1e-05 0.0
q5_6 4 0.000123 0.0 0.00012 0.0
q10_3_2 2 0.000104 0.0 0.0001 0.0
q_12_0 12 0.000159 0.0 0.00012 0.0
q6_5 3 7.5e-05 0.0 7.1e-05 0.0
q10_4_4 2 0.000137 0.0 0.000122 0.0
q1_5 1 4.9e-05 0.0 4.1e-05 0.0
q9_4_7 1 7.6e-05 0.0 7.3e-05 0.0
q10_2_3 2 9.1e-05 0.0 7.9e-05 0.0
q6_0 3 7.5e-05 0.0 6.5e-05 0.0
q10_2_1 2 9.1e-05 0.0 8e-05 0.0
q4_4_5 1 7.2e-05 0.0 7.2e-05 0.0
q5_3 4 0.000138 0.0 0.000122 0.0
q11_5_4 15 0.000223 0.0 0.000184 0.0
q4_4_1 1 7.3e-05 0.0 7.7e-05 0.0
q4_5_3 1 8.3e-05 0.0 8e-05 0.0
q_14_2 17 0.000184 0.0 0.000177 0.0
q4_5_8 1 9e-05 0.0 7.8e-05 0.0
q_15_9 3 0.000124 0.0 8.7e-05 0.0
q11_2_7 3 9.5e-05 0.0 9.3e-05 0.0
q10_5_7 2 0.000131 0.0 0.000115 0.0
q_13_1 12 0.00014 0.0 0.000154 0.0
q11_4_2 10 0.000191 0.0 0.00015 0.0
q4_5_1 1 8e-05 0.0 8.1e-05 0.0
q10_5_3 2 0.000143 0.0 0.000143 0.0
q11_3_7 6 0.000134 0.0 0.000122 0.0
q3_8 5 0.000123 0.0 9.9e-05 0.0
q10_3_0 2 0.000123 0.0 9.6e-05 0.0
q9_2_4 1 6.6e-05 0.0 5.9e-05 0.0
q9_5_6 1 8.5e-05 0.0 7.5e-05 0.0
q_15_6 3 9.9e-05 0.0 0.000102 0.0
q10_4_5 2 0.000138 0.0 0.000102 0.0
q4_5_4 1 8.5e-05 0.0 9.2e-05 0.0
q_16_2 6 0.000184 0.0 0.000156 0.0
q6_3 3 7e-05 0.0 6.8e-05 0.0
q11_5_3 15 0.000222 0.0 0.000189 0.0
q9_5_9 1 8.2e-05 0.0 8.1e-05 0.0
q_15_2 3 0.000115 0.0 8.8e-05 0.0
q_12_3 12 0.000145 0.0 0.000113 0.0
q_13_5 12 0.000145 0.0 0.000147 0.0
q4_3_0 1 6.7e-05 0.0 6.1e-05 0.0
q9_5_1 1 8.1e-05 0.0 7.4e-05 0.0
q7_8 4 0.000139 0.0 0.000108 0.0
q10_3_7 2 0.000105 0.0 0.000104 0.0
q9_3_5 1 6.3e-05 0.0 5.7e-05 0.0
q10_2_0 2 0.000104 0.0 8.9e-05 0.0
q6_2 3 7e-05 0.0 6.1e-05 0.0
q_14_1 17 0.000176 0.0 0.000161 0.0
q9_4_2 1 7.6e-05 0.0 7.9e-05 0.0
q9_3_4 1 7.9e-05 0.0 6.4e-05 0.0
q9_3_6 1 7e-05 0.0 5.6e-05 0.0
q5_2 4 0.00013 0.0 0.000104 0.0
q11_3_6 6 0.000131 0.0 0.000123 0.0
q_16_8 6 0.000167 0.0 0.000162 0.0
q10_3_5 2 9.7e-05 0.0 9.1e-05 0.0
q9_2_2 1 5.4e-05 0.0 4.8e-05 0.0
q11_3_1 6 0.000139 0.0 0.000123 0.0
q2_8 2 7.2e-05 0.0 6.4e-05 0.0
q11_2_2 3 9.8e-05 0.0 9.3e-05 0.0
q11_4_9 10 0.000178 0.0 0.00016 0.0
q10_5_2 2 0.000124 0.0 0.000112 0.0
q9_3_8 1 6.3e-05 0.0 6.3e-05 0.0
q_16_9 6 0.000178 0.0 0.000173 0.0
q8_5 2 7.2e-05 0.0 6.3e-05 0.0
q7_9 4 0.00011 0.0 0.0001 0.0
q4_4_3 1 9.1e-05 0.0 7.3e-05 0.0
q10_5_1 2 0.000126 0.0 0.000139 0.0
q9_2_0 1 5.5e-05 0.0 4.8e-05 0.0
q_13_7 12 0.000161 0.0 0.000138 0.0
q11_4_6 10 0.000177 0.0 0.000157 0.0
q4_5_6 1 8e-05 0.0 8.1e-05 0.0
q2_5 2 0.000105 0.0 7.6e-05 0.0
q9_2_1 1 6.5e-05 0.0 5e-05 0.0
q4_4_6 1 8.6e-05 0.0 9.1e-05 0.0
q9_2_6 1 5.8e-05 0.0 5e-05 0.0
q11_2_9 3 0.000112 0.0 9.3e-05 0.0
q4_2_1 1 5.8e-05 0.0 5e-05 0.0
q10_2_9 2 0.000103 0.0 7.9e-05 0.0
q_16_0 6 0.000177 0.0 0.000172 0.0
q4_5_0 1 9.1e-05 0.0 8e-05 0.0
q6_1 3 0.000104 0.0 0.000105 0.0
q4_4_4 1 7.7e-05 0.0 6.9e-05 0.0
q3_0 5 0.000127 0.0 0.000104 0.0
q11_2_8 3 0.00011 0.0 9.1e-05 0.0
q9_5_8 1 9.8e-05 0.0 0.000114 0.0
q4_3_4 1 7.1e-05 0.0 6e-05 0.0
q3_5 5 0.000123 0.0 0.000105 0.0
q11_2_0 3 0.000116 0.0 0.000124 0.0
q10_4_9 2 0.000122 0.0 0.000111 0.0
q4_2_4 1 5.7e-05 0.0 5e-05 0.0
q9_4_1 1 9.3e-05 0.0 9.3e-05 0.0
q10_2_2 2 0.000107 0.0 8.8e-05 0.0
q9_2_7 1 6.1e-05 0.0 5e-05 0.0
q_12_4 12 0.000149 0.0 0.000117 0.0
q_13_9 12 0.000144 0.0 0.000144 0.0
q2_0 2 7.8e-05 0.0 6.5e-05 0.0
q4_2_3 1 6.3e-05 0.0 5.3e-05 0.0
q9_4_4 1 0.000111 0.0 9.2e-05 0.0
q9_3_9 1 6.6e-05 0.0 7.1e-05 0.0
q10_3_8 2 0.00012 0.0 9.3e-05 0.0
q4_3_8 1 7.2e-05 0.0 6.6e-05 0.0
q2_1 2 8.3e-05 0.0 8.2e-05 0.0
q11_5_6 15 0.000241 0.0 0.000204 0.0
q11_3_0 6 0.000178 0.0 0.00017 0.0
q10_2_7 2 9.2e-05 0.0 8.3e-05 0.0
q11_5_0 15 0.00023 0.0 0.000188 0.0
q1_0 1 6e-05 0.0 4.1e-05 0.0
q8_9 2 7.6e-05 0.0 7.3e-05 0.0
q11_2_5 3 0.000102 0.0 0.000112 0.0
q10_2_8 2 8.9e-05 0.0 8e-05 0.0
q8_1 2 8.7e-05 0.0 7.2e-05 0.0
q_14_6 17 0.0002 0.0 0.000174 0.0
q_12_6 12 0.000137 0.0 0.000134 0.0
q9_4_3 1 7.7e-05 0.0 7.2e-05 0.0
q11_3_8 6 0.000195 0.0 0.000134 0.0
q5_8 4 0.000182 0.0 0.000137 0.0
q11_3_5 6 0.000268 0.0 0.000233 0.0
q10_4_3 2 0.000133 0.0 0.000114 0.0
q3_9 5 0.000156 0.0 0.00014 0.0
q_16_6 6 0.000201 0.0 0.000163 0.0
q4_2_6 1 6e-05 0.0 5.2e-05 0.0
q9_2_9 1 5.9e-05 0.0 5.9e-05 0.0
q10_3_4 2 0.000105 0.0 9.3e-05 0.0
q8_4 2 7.6e-05 0.0 8.2e-05 0.0
q11_3_4 6 0.000146 0.0 0.00013 0.0
q_14_0 17 0.000191 0.0 0.000185 0.0
q5_4 4 0.00013 0.0 0.000105 0.0
q_12_8 12 0.000145 0.0 0.000118 0.0
q4_5_2 1 8.5e-05 0.0 7.8e-05 0.0
q9_3_1 1 7.3e-05 0.0 6e-05 0.0
q5_5 4 0.000121 0.0 0.000104 0.0
q1_9 1 5.1e-05 0.0 4e-05 0.0
q_12_7 12 0.000132 0.0 0.000153 0.0
q_16_1 6 0.000355 0.0 0.000325 0.0
q_15_7 3 0.00019 0.0 0.000198 0.0
q11_3_2 6 0.000255 0.0 0.000228 0.0
q11_5_1 15 0.000369 0.0 0.000292 0.0
q4_2_8 1 0.000143 0.0 0.000105 0.0
q_13_0 12 0.00026 0.0 0.000166 0.0
q_12_2 12 0.000132 0.0 0.000118 0.0
q4_2_5 1 5.8e-05 0.0 5e-05 0.0
q11_4_8 10 0.000196 0.0 0.000151 0.0
q_12_1 12 0.000145 0.0 0.000136 0.0
q_15_3 3 0.000112 0.0 9e-05 0.0
q9_5_3 1 9.3e-05 0.0 9.2e-05 0.0
q9_4_9 1 7.7e-05 0.0 6.9e-05 0.0
q4_3_9 1 7.6e-05 0.0 6e-05 0.0
q10_4_6 2 0.000183 0.0 0.000123 0.0
q2_9 2 8.9e-05 0.0 8e-05 0.0
q4_2_9 1 5.8e-05 0.0 5e-05 0.0
LUBM500/regexes:
q7_7 4 0.000116 0.0 0.000111 0.0
q11_4_7 10 0.000216 0.0 0.000144 0.0
q10_3_3 2 0.000103 0.0 9.3e-05 0.0
q10_5_6 2 0.000168 0.0 0.000126 0.0
q7_6 4 0.000116 0.0 0.000104 0.0
q7_0 4 0.000144 0.0 0.000109 0.0
q6_9 3 7.6e-05 0.0 6.4e-05 0.0
q10_2_4 2 9.1e-05 0.0 7.9e-05 0.0
q_14_5 17 0.000202 0.0 0.000202 0.0
q9_5_0 1 8.9e-05 0.0 7.8e-05 0.0
q_15_8 3 0.000104 0.0 9.2e-05 0.0
q7_3 4 0.000116 0.0 0.000117 0.0
q2_7 2 8.2e-05 0.0 6.6e-05 0.0
q_15_4 3 0.000102 0.0 9.7e-05 0.0
q10_5_4 2 0.000146 0.0 0.000143 0.0
q9_2_5 1 5.4e-05 0.0 4.8e-05 0.0
q11_5_9 15 0.000242 0.0 0.00018 0.0
q6_8 3 8e-05 0.0 6e-05 0.0
q4_4_7 1 8e-05 0.0 8.5e-05 0.0
q10_4_8 2 0.000114 0.0 0.000137 0.0
q9_5_5 1 8.7e-05 0.0 7.8e-05 0.0
q11_2_4 3 0.0001 0.0 9.1e-05 0.0
q_16_7 6 0.000185 0.0 0.000156 0.0
q11_2_3 3 0.0001 0.0 9.2e-05 0.0
q9_5_7 1 8e-05 0.0 7.8e-05 0.0
q2_2 2 7.2e-05 0.0 6.9e-05 0.0
q_12_9 12 0.00013 0.0 0.000112 0.0
q1_2 1 5.2e-05 0.0 3.8e-05 0.0
q_13_6 12 0.000137 0.0 0.000144 0.0
q10_4_1 2 0.000113 0.0 0.000107 0.0
q11_4_4 10 0.000183 0.0 0.000153 0.0
q5_7 4 0.000129 0.0 0.000117 0.0
q5_9 4 0.000117 0.0 0.000117 0.0
q11_5_5 15 0.000233 0.0 0.000188 0.0
q11_4_1 10 0.00018 0.0 0.000137 0.0
q10_5_9 2 0.00013 0.0 0.000129 0.0
q4_4_2 1 7.9e-05 0.0 8.4e-05 0.0
q10_4_2 2 0.000132 0.0 0.0001 0.0
q10_4_0 2 0.000112 0.0 0.000101 0.0
q4_5_9 1 8.5e-05 0.0 7.6e-05 0.0
q9_4_8 1 8.3e-05 0.0 6.6e-05 0.0
q10_5_0 2 0.000131 0.0 0.000113 0.0
q11_4_5 10 0.000187 0.0 0.000144 0.0
q10_3_1 2 0.000105 0.0 8.8e-05 0.0
q8_0 2 7.1e-05 0.0 6.2e-05 0.0
q10_2_6 2 8.4e-05 0.0 7.5e-05 0.0
q9_3_2 1 7.2e-05 0.0 5.6e-05 0.0
q7_5 4 0.000133 0.0 0.000112 0.0
q9_5_4 1 8.8e-05 0.0 7.9e-05 0.0
q4_2_7 1 5.5e-05 0.0 4.8e-05 0.0
q6_7 3 7.7e-05 0.0 6.2e-05 0.0
q2_3 2 7.2e-05 0.0 7.4e-05 0.0
q1_6 1 4.5e-05 0.0 3.8e-05 0.0
q4_3_5 1 6.4e-05 0.0 5.7e-05 0.0
q_13_4 12 0.000139 0.0 0.00015 0.0
q11_5_2 15 0.000244 0.0 0.000206 0.0
q3_6 5 0.000109 0.0 0.000105 0.0
q5_1 4 0.000112 0.0 9.9e-05 0.0
q9_3_0 1 6.3e-05 0.0 7.6e-05 0.0
q9_2_8 1 7e-05 0.0 5.2e-05 0.0
q8_2 2 7.1e-05 0.0 8e-05 0.0
q2_4 2 7.7e-05 0.0 6.2e-05 0.0
q1_7 1 5.1e-05 0.0 3.8e-05 0.0
q9_4_0 1 8.9e-05 0.0 6.5e-05 0.0
q4_2_2 1 5.4e-05 0.0 7.5e-05 0.0
q9_5_2 1 9e-05 0.0 9.1e-05 0.0
q_16_5 6 0.000174 0.0 0.000151 0.0
q11_5_7 15 0.000228 0.0 0.000184 0.0
q4_3_7 1 7.4e-05 0.0 7.5e-05 0.0
q10_3_9 2 0.000114 0.0 8.8e-05 0.0
q3_3 5 0.000108 0.0 9.8e-05 0.0
q6_6 3 7e-05 0.0 6.1e-05 0.0
q9_4_6 1 8.8e-05 0.0 7.3e-05 0.0
q11_4_0 10 0.000172 0.0 0.00015 0.0
q_14_7 17 0.000203 0.0 0.000181 0.0
q_13_3 12 0.00017 0.0 0.000154 0.0
q_15_5 3 0.000116 0.0 8.7e-05 0.0
q4_3_1 1 7e-05 0.0 5.7e-05 0.0
q11_5_8 15 0.000241 0.0 0.000173 0.0
q1_8 1 5.5e-05 0.0 4.1e-05 0.0
q4_3_6 1 6.3e-05 0.0 6.6e-05 0.0
q1_4 1 4.4e-05 0.0 4.2e-05 0.0
q11_2_1 3 0.000108 0.0 8.6e-05 0.0
q4_4_9 1 0.000149 0.0 0.000133 0.0
q1_1 1 9.1e-05 0.0 7.7e-05 0.0
q_12_5 12 0.000256 0.0 0.000227 0.0
q2_6 2 0.000138 0.0 0.000119 0.0
q_15_1 3 0.000194 0.0 0.000132 0.0
q4_4_0 1 0.000152 0.0 0.000125 0.0
q5_0 4 0.000213 0.0 0.000183 0.0
q11_3_9 6 0.000253 0.0 0.000235 0.0
q_14_8 17 0.000361 0.0 0.000301 0.0
q_14_4 17 0.000333 0.0 0.000321 0.0
q_14_3 17 0.000321 0.0 0.000298 0.0
q9_2_3 1 0.000107 0.0 0.000109 0.0
q_13_8 12 0.000257 0.0 0.000216 0.0
q9_4_5 1 0.000141 0.0 0.00013 0.0
q4_3_2 1 0.000126 0.0 0.000112 0.0
q8_7 2 0.000127 0.0 0.000107 0.0
q_16_4 6 0.000184 0.0 0.000169 0.0
q11_4_3 10 0.00019 0.0 0.000149 0.0
q10_3_6 2 0.000116 0.0 0.000102 0.0
q7_2 4 0.000133 0.0 0.000119 0.0
q1_3 1 4.9e-05 0.0 4.5e-05 0.0
q7_1 4 0.000121 0.0 0.000115 0.0
q_15_0 3 0.000166 0.0 0.000128 0.0
q3_7 5 0.000203 0.0 0.000182 0.0
q6_4 3 0.000129 0.0 0.000108 0.0
q4_3_3 1 0.000125 0.0 0.000104 0.0
q11_3_3 6 0.000256 0.0 0.00022 0.0
q8_6 2 0.000136 0.0 0.000118 0.0
q4_5_7 1 0.000173 0.0 0.000143 0.0
q8_3 2 0.000132 0.0 0.000115 0.0
q10_5_5 2 0.00022 0.0 0.0002 0.0
q11_2_6 3 0.00019 0.0 0.000156 0.0
q7_4 4 0.000212 0.0 0.000188 0.0
q_16_3 6 0.000281 0.0 0.000276 0.0
q_14_9 17 0.00033 0.0 0.000304 0.0
q3_4 5 0.000203 0.0 0.000184 0.0
q4_5_5 1 0.000165 0.0 0.000141 0.0
q3_1 5 0.000198 0.0 0.000179 0.0
q4_4_8 1 9.8e-05 0.0 8e-05 0.0
q_13_2 12 0.000197 0.0 0.000149 0.0
q10_4_7 2 0.000137 0.0 0.000119 0.0
q10_2_5 2 0.000108 0.0 9.2e-05 0.0
q9_3_3 1 8.1e-05 0.0 7e-05 0.0
q8_8 2 8.8e-05 0.0 7.9e-05 0.0
q10_5_8 2 0.000213 0.0 0.000165 0.0
q4_2_0 1 6e-05 0.0 5.4e-05 0.0
q3_2 5 0.000137 0.0 0.000104 0.0
q9_3_7 1 6.7e-05 0.0 7.8e-05 0.0
q5_6 4 0.000135 0.0 0.000108 0.0
q10_3_2 2 0.000107 0.0 9.3e-05 0.0
q_12_0 12 0.000172 0.0 0.000171 0.0
q6_5 3 7.6e-05 0.0 8.8e-05 0.0
q10_4_4 2 0.000124 0.0 0.000114 0.0
q1_5 1 5.2e-05 0.0 4.1e-05 0.0
q9_4_7 1 7.6e-05 0.0 8.2e-05 0.0
q10_2_3 2 0.000182 0.0 0.000117 0.0
q6_0 3 7.9e-05 0.0 6.9e-05 0.0
q10_2_1 2 0.000125 0.0 8e-05 0.0
q4_4_5 1 7.8e-05 0.0 8.4e-05 0.0
q5_3 4 0.000142 0.0 0.000107 0.0
q11_5_4 15 0.000228 0.0 0.000182 0.0
q4_4_1 1 0.000106 0.0 7.8e-05 0.0
q4_5_3 1 0.0001 0.0 7.8e-05 0.0
q_14_2 17 0.000198 0.0 0.000189 0.0
q4_5_8 1 0.000115 0.0 7.8e-05 0.0
q_15_9 3 0.000105 0.0 0.000107 0.0
q11_2_7 3 0.000101 0.0 9.2e-05 0.0
q10_5_7 2 0.000154 0.0 0.000145 0.0
q_13_1 12 0.000147 0.0 0.000164 0.0
q11_4_2 10 0.000195 0.0 0.000162 0.0
q4_5_1 1 0.000105 0.0 8.2e-05 0.0
q10_5_3 2 0.000132 0.0 0.00012 0.0
q11_3_7 6 0.000164 0.0 0.000164 0.0
q3_8 5 0.000123 0.0 0.000119 0.0
q10_3_0 2 0.000122 0.0 0.0001 0.0
q9_2_4 1 6.6e-05 0.0 5.1e-05 0.0
q9_5_6 1 8.9e-05 0.0 7.8e-05 0.0
q_15_6 3 0.000137 0.0 0.000101 0.0
q10_4_5 2 0.000118 0.0 0.000106 0.0
q4_5_4 1 9.3e-05 0.0 8.2e-05 0.0
q_16_2 6 0.000181 0.0 0.000187 0.0
q6_3 3 0.000118 0.0 7.6e-05 0.0
q11_5_3 15 0.000237 0.0 0.000183 0.0
q9_5_9 1 0.000106 0.0 7.8e-05 0.0
q_15_2 3 0.000103 0.0 9.1e-05 0.0
q_12_3 12 0.000185 0.0 0.00012 0.0
q_13_5 12 0.00016 0.0 0.000132 0.0
q4_3_0 1 8.2e-05 0.0 8.6e-05 0.0
q9_5_1 1 9.7e-05 0.0 9e-05 0.0
q7_8 4 0.000202 0.0 0.00012 0.0
q10_3_7 2 0.000124 0.0 9.2e-05 0.0
q9_3_5 1 7.6e-05 0.0 5.9e-05 0.0
q10_2_0 2 9.8e-05 0.0 8.7e-05 0.0
q6_2 3 7.4e-05 0.0 7.1e-05 0.0
q_14_1 17 0.000236 0.0 0.000187 0.0
q9_4_2 1 7.6e-05 0.0 6.8e-05 0.0
q9_3_4 1 8.2e-05 0.0 7.4e-05 0.0
q9_3_6 1 6.6e-05 0.0 6.6e-05 0.0
q5_2 4 0.000126 0.0 0.000111 0.0
q11_3_6 6 0.00016 0.0 0.000147 0.0
q_16_8 6 0.000204 0.0 0.000169 0.0
q10_3_5 2 0.000103 0.0 0.000118 0.0
q9_2_2 1 6e-05 0.0 5.7e-05 0.0
q11_3_1 6 0.00015 0.0 0.000144 0.0
q2_8 2 8.1e-05 0.0 6.5e-05 0.0
q11_2_2 3 0.000101 0.0 0.000107 0.0
q11_4_9 10 0.00022 0.0 0.000178 0.0
q10_5_2 2 0.000139 0.0 0.000141 0.0
q9_3_8 1 6.7e-05 0.0 6.5e-05 0.0
q_16_9 6 0.000205 0.0 0.000188 0.0
q8_5 2 8.2e-05 0.0 7.2e-05 0.0
q7_9 4 0.000127 0.0 0.000117 0.0
q4_4_3 1 9.2e-05 0.0 6.9e-05 0.0
q10_5_1 2 0.000145 0.0 0.000119 0.0
q9_2_0 1 7.2e-05 0.0 5.3e-05 0.0
q_13_7 12 0.000165 0.0 0.000147 0.0
q11_4_6 10 0.000187 0.0 0.000172 0.0
q4_5_6 1 8.5e-05 0.0 8.5e-05 0.0
q2_5 2 7.5e-05 0.0 7.2e-05 0.0
q9_2_1 1 6.2e-05 0.0 5e-05 0.0
q4_4_6 1 8.9e-05 0.0 6.9e-05 0.0
q9_2_6 1 5.6e-05 0.0 5.4e-05 0.0
q11_2_9 3 0.000102 0.0 9.3e-05 0.0
q4_2_1 1 5.9e-05 0.0 5.1e-05 0.0
q10_2_9 2 9.2e-05 0.0 8.8e-05 0.0
q_16_0 6 0.000174 0.0 0.000167 0.0
q4_5_0 1 9.3e-05 0.0 7.9e-05 0.0
q6_1 3 7.7e-05 0.0 6.5e-05 0.0
q4_4_4 1 8.8e-05 0.0 6.9e-05 0.0
q3_0 5 0.000114 0.0 0.000142 0.0
q11_2_8 3 0.00011 0.0 9.8e-05 0.0
q9_5_8 1 8.5e-05 0.0 8.5e-05 0.0
q4_3_4 1 8.4e-05 0.0 5.9e-05 0.0
q3_5 5 0.000122 0.0 0.000104 0.0
q11_2_0 3 0.000101 0.0 9.8e-05 0.0
q10_4_9 2 0.000126 0.0 0.000118 0.0
q4_2_4 1 5.7e-05 0.0 5.4e-05 0.0
q9_4_1 1 0.00011 0.0 7.3e-05 0.0
q10_2_2 2 9e-05 0.0 9.3e-05 0.0
q9_2_7 1 5.8e-05 0.0 5e-05 0.0
q_12_4 12 0.000172 0.0 0.000128 0.0
q_13_9 12 0.000167 0.0 0.000236 0.0
q2_0 2 7.8e-05 0.0 9e-05 0.0
q4_2_3 1 6.5e-05 0.0 5.1e-05 0.0
q9_4_4 1 8.6e-05 0.0 8.2e-05 0.0
q9_3_9 1 8.7e-05 0.0 6.5e-05 0.0
q10_3_8 2 0.000108 0.0 0.0001 0.0
q4_3_8 1 7.6e-05 0.0 5.9e-05 0.0
q2_1 2 9.4e-05 0.0 6.6e-05 0.0
q11_5_6 15 0.000265 0.0 0.00021 0.0
q11_3_0 6 0.000162 0.0 0.000154 0.0
q10_2_7 2 9e-05 0.0 8.3e-05 0.0
q11_5_0 15 0.000259 0.0 0.000217 0.0
q1_0 1 5e-05 0.0 4.2e-05 0.0
q8_9 2 8e-05 0.0 6.9e-05 0.0
q11_2_5 3 0.00011 0.0 9.4e-05 0.0
q10_2_8 2 9.8e-05 0.0 8.1e-05 0.0
q8_1 2 7.6e-05 0.0 6.7e-05 0.0
q_14_6 17 0.000202 0.0 0.000204 0.0
q_12_6 12 0.00014 0.0 0.000129 0.0
q9_4_3 1 7.6e-05 0.0 7.5e-05 0.0
q11_3_8 6 0.000157 0.0 0.00013 0.0
q5_8 4 0.00013 0.0 0.000112 0.0
q11_3_5 6 0.000178 0.0 0.000144 0.0
q10_4_3 2 0.000131 0.0 0.000114 0.0
q3_9 5 0.000114 0.0 0.000107 0.0
q_16_6 6 0.000171 0.0 0.000153 0.0
q4_2_6 1 5.7e-05 0.0 5e-05 0.0
q9_2_9 1 5.6e-05 0.0 4.9e-05 0.0
q10_3_4 2 0.000106 0.0 0.000109 0.0
q8_4 2 8e-05 0.0 8.5e-05 0.0
q11_3_4 6 0.000162 0.0 0.000126 0.0
q_14_0 17 0.000198 0.0 0.000172 0.0
q5_4 4 0.000125 0.0 0.00012 0.0
q_12_8 12 0.00013 0.0 0.000118 0.0
q4_5_2 1 8.4e-05 0.0 8.6e-05 0.0
q9_3_1 1 7.3e-05 0.0 6.1e-05 0.0
q5_5 4 0.000138 0.0 9.8e-05 0.0
q1_9 1 4.4e-05 0.0 3.8e-05 0.0
q_12_7 12 0.000155 0.0 0.000112 0.0
q_16_1 6 0.000164 0.0 0.000206 0.0
q_15_7 3 0.000104 0.0 0.0001 0.0
q11_3_2 6 0.000134 0.0 0.000122 0.0
q11_5_1 15 0.00022 0.0 0.00018 0.0
q4_2_8 1 5.6e-05 0.0 5.7e-05 0.0
q_13_0 12 0.000138 0.0 0.000146 0.0
q_12_2 12 0.000123 0.0 0.000111 0.0
q4_2_5 1 5.7e-05 0.0 6.1e-05 0.0
q11_4_8 10 0.000169 0.0 0.000135 0.0
q_12_1 12 0.000124 0.0 0.000124 0.0
q_15_3 3 0.000118 0.0 8.6e-05 0.0
q9_5_3 1 8.6e-05 0.0 7.4e-05 0.0
q9_4_9 1 7.1e-05 0.0 7.4e-05 0.0
q4_3_9 1 6.2e-05 0.0 5.6e-05 0.0
q10_4_6 2 0.000128 0.0 0.000115 0.0
q2_9 2 7e-05 0.0 6.1e-05 0.0
q4_2_9 1 5.9e-05 0.0 4.7e-05 0.0
LUBM1M/regexes:
q7_7 4 0.000114 0.0 9.8e-05 0.0
q11_4_7 10 0.00017 0.0 0.000136 0.0
q10_3_3 2 9.8e-05 0.0 9.4e-05 0.0
q10_5_6 2 0.000126 0.0 0.00012 0.0
q7_6 4 0.000116 0.0 9.9e-05 0.0
q7_0 4 0.000116 0.0 0.000108 0.0
q6_9 3 7.6e-05 0.0 6e-05 0.0
q10_2_4 2 8.4e-05 0.0 7.4e-05 0.0
q_14_5 17 0.000193 0.0 0.00016 0.0
q9_5_0 1 8.6e-05 0.0 7.4e-05 0.0
q_15_8 3 0.000112 0.0 9.5e-05 0.0
q7_3 4 0.000114 0.0 0.00011 0.0
q2_7 2 7.3e-05 0.0 6.2e-05 0.0
q_15_4 3 9.5e-05 0.0 8.5e-05 0.0
q10_5_4 2 0.000128 0.0 0.000115 0.0
q9_2_5 1 5.3e-05 0.0 4.7e-05 0.0
q11_5_9 15 0.000245 0.0 0.000194 0.0
q6_8 3 7e-05 0.0 6e-05 0.0
q4_4_7 1 7.4e-05 0.0 6.9e-05 0.0
q10_4_8 2 0.000135 0.0 0.000128 0.0
q9_5_5 1 9.5e-05 0.0 7.3e-05 0.0
q11_2_4 3 9.6e-05 0.0 9.3e-05 0.0
q_16_7 6 0.000166 0.0 0.000162 0.0
q11_2_3 3 9.4e-05 0.0 0.00011 0.0
q9_5_7 1 8.4e-05 0.0 0.000105 0.0
q2_2 2 7.4e-05 0.0 6.9e-05 0.0
q_12_9 12 0.000123 0.0 0.000115 0.0
q1_2 1 5e-05 0.0 3.8e-05 0.0
q_13_6 12 0.000148 0.0 0.000137 0.0
q10_4_1 2 0.000135 0.0 0.00012 0.0
q11_4_4 10 0.000202 0.0 0.000135 0.0
q5_7 4 0.000132 0.0 0.00012 0.0
q5_9 4 0.000113 0.0 0.000105 0.0
q11_5_5 15 0.000244 0.0 0.000188 0.0
q11_4_1 10 0.000187 0.0 0.000144 0.0
q10_5_9 2 0.000145 0.0 0.000123 0.0
q4_4_2 1 7.8e-05 0.0 9.6e-05 0.0
q10_4_2 2 0.000133 0.0 0.000111 0.0
q10_4_0 2 0.000124 0.0 0.000118 0.0
q4_5_9 1 9.1e-05 0.0 9.2e-05 0.0
q9_4_8 1 7.6e-05 0.0 9.5e-05 0.0
q10_5_0 2 0.000132 0.0 0.000125 0.0
q11_4_5 10 0.000185 0.0 0.000143 0.0
q10_3_1 2 0.00011 0.0 9.5e-05 0.0
q8_0 2 7.7e-05 0.0 6.5e-05 0.0
q10_2_6 2 8.9e-05 0.0 7.8e-05 0.0
q9_3_2 1 8e-05 0.0 8.4e-05 0.0
q7_5 4 0.000122 0.0 0.000115 0.0
q9_5_4 1 8.7e-05 0.0 9.2e-05 0.0
q4_2_7 1 5.7e-05 0.0 5.7e-05 0.0
q6_7 3 7.4e-05 0.0 6.4e-05 0.0
q2_3 2 7.5e-05 0.0 7.3e-05 0.0
q1_6 1 7e-05 0.0 4.4e-05 0.0
q4_3_5 1 9.2e-05 0.0 5.7e-05 0.0
q_13_4 12 0.000158 0.0 0.00018 0.0
q11_5_2 15 0.00024 0.0 0.000185 0.0
q3_6 5 0.000115 0.0 0.000114 0.0
q5_1 4 0.000138 0.0 0.000111 0.0
q9_3_0 1 6.6e-05 0.0 6e-05 0.0
q9_2_8 1 5.6e-05 0.0 5.2e-05 0.0
q8_2 2 9.2e-05 0.0 6.9e-05 0.0
q2_4 2 7.5e-05 0.0 6.5e-05 0.0
q1_7 1 4.7e-05 0.0 4.1e-05 0.0
q9_4_0 1 7.5e-05 0.0 6.9e-05 0.0
q4_2_2 1 9.5e-05 0.0 5.7e-05 0.0
q9_5_2 1 8e-05 0.0 7.7e-05 0.0
q_16_5 6 0.000197 0.0 0.000163 0.0
q11_5_7 15 0.000234 0.0 0.000197 0.0
q4_3_7 1 7.1e-05 0.0 7.7e-05 0.0
q10_3_9 2 0.000107 0.0 9.2e-05 0.0
q3_3 5 0.000114 0.0 0.000125 0.0
q6_6 3 9.9e-05 0.0 7.9e-05 0.0
q9_4_6 1 7.5e-05 0.0 6.8e-05 0.0
q11_4_0 10 0.000203 0.0 0.000142 0.0
q_14_7 17 0.000204 0.0 0.00017 0.0
q_13_3 12 0.000191 0.0 0.000141 0.0
q_15_5 3 0.000114 0.0 9e-05 0.0
q4_3_1 1 6.6e-05 0.0 6e-05 0.0
q11_5_8 15 0.000228 0.0 0.000185 0.0
q1_8 1 5.4e-05 0.0 4e-05 0.0
q4_3_6 1 7.7e-05 0.0 7.3e-05 0.0
q1_4 1 4.7e-05 0.0 4e-05 0.0
q11_2_1 3 9.9e-05 0.0 9e-05 0.0
q4_4_9 1 7.5e-05 0.0 8.7e-05 0.0
q1_1 1 5.1e-05 0.0 5.1e-05 0.0
q_12_5 12 0.000148 0.0 0.000143 0.0
q2_6 2 7.8e-05 0.0 7.6e-05 0.0
q_15_1 3 0.000114 0.0 9e-05 0.0
q4_4_0 1 8.2e-05 0.0 9.6e-05 0.0
q5_0 4 0.000126 0.0 0.000123 0.0
q11_3_9 6 0.000162 0.0 0.000128 0.0
q_14_8 17 0.000219 0.0 0.000183 0.0
q_14_4 17 0.000204 0.0 0.000228 0.0
q_14_3 17 0.000204 0.0 0.00018 0.0
q9_2_3 1 5.8e-05 0.0 6.1e-05 0.0
q_13_8 12 0.000173 0.0 0.000132 0.0
q9_4_5 1 7.5e-05 0.0 9.1e-05 0.0
q4_3_2 1 8.6e-05 0.0 5.9e-05 0.0
q8_7 2 7.6e-05 0.0 6.5e-05 0.0
q_16_4 6 0.000208 0.0 0.000175 0.0
q11_4_3 10 0.000188 0.0 0.000144 0.0
q10_3_6 2 0.000131 0.0 0.000112 0.0
q7_2 4 0.000115 0.0 0.000103 0.0
q1_3 1 4.9e-05 0.0 4.3e-05 0.0
q7_1 4 0.000144 0.0 0.000121 0.0
q_15_0 3 0.000109 0.0 9.7e-05 0.0
q3_7 5 0.000126 0.0 0.000103 0.0
q6_4 3 9.7e-05 0.0 8.5e-05 0.0
q4_3_3 1 6.7e-05 0.0 5.9e-05 0.0
q11_3_3 6 0.000162 0.0 0.000128 0.0
q8_6 2 0.000103 0.0 7.7e-05 0.0
q4_5_7 1 9.7e-05 0.0 0.000104 0.0
q8_3 2 9.4e-05 0.0 6.9e-05 0.0
q10_5_5 2 0.000131 0.0 0.00012 0.0
q11_2_6 3 0.000114 0.0 9.1e-05 0.0
q7_4 4 0.000124 0.0 0.000115 0.0
q_16_3 6 0.000199 0.0 0.000179 0.0
q_14_9 17 0.000203 0.0 0.000198 0.0
q3_4 5 0.000129 0.0 0.000102 0.0
q4_5_5 1 0.000105 0.0 7.8e-05 0.0
q3_1 5 0.000158 0.0 0.000106 0.0
q4_4_8 1 7.8e-05 0.0 7.2e-05 0.0
q_13_2 12 0.000176 0.0 0.000141 0.0
q10_4_7 2 0.000124 0.0 0.000116 0.0
q10_2_5 2 8.9e-05 0.0 7.9e-05 0.0
q9_3_3 1 7.4e-05 0.0 6e-05 0.0
q8_8 2 7.1e-05 0.0 6.2e-05 0.0
q10_5_8 2 0.00013 0.0 0.000117 0.0
q4_2_0 1 5.7e-05 0.0 4.8e-05 0.0
q3_2 5 0.000114 0.0 0.000104 0.0
q9_3_7 1 7.7e-05 0.0 5.6e-05 0.0
q5_6 4 0.00011 0.0 0.000108 0.0
q10_3_2 2 0.000104 0.0 8.7e-05 0.0
q_12_0 12 0.000124 0.0 0.00014 0.0
q6_5 3 7.7e-05 0.0 6e-05 0.0
q10_4_4 2 0.000134 0.0 0.000102 0.0
q1_5 1 4.5e-05 0.0 3.8e-05 0.0
q9_4_7 1 7.2e-05 0.0 7.2e-05 0.0
q10_2_3 2 9e-05 0.0 8.5e-05 0.0
q6_0 3 6.9e-05 0.0 6.1e-05 0.0
q10_2_1 2 8.5e-05 0.0 8e-05 0.0
q4_4_5 1 7.2e-05 0.0 6.5e-05 0.0
q5_3 4 0.000117 0.0 0.000112 0.0
q11_5_4 15 0.000225 0.0 0.000196 0.0
q4_4_1 1 7.1e-05 0.0 7.2e-05 0.0
q4_5_3 1 8.4e-05 0.0 0.0001 0.0
q_14_2 17 0.000201 0.0 0.000225 0.0
q4_5_8 1 9.9e-05 0.0 0.000105 0.0
q_15_9 3 0.000129 0.0 9.5e-05 0.0
q11_2_7 3 0.000109 0.0 9.4e-05 0.0
q10_5_7 2 0.000149 0.0 0.000142 0.0
q_13_1 12 0.00015 0.0 0.000139 0.0
q11_4_2 10 0.000232 0.0 0.000154 0.0
q4_5_1 1 9e-05 0.0 9.1e-05 0.0
q10_5_3 2 0.00014 0.0 0.000119 0.0
q11_3_7 6 0.000147 0.0 0.000128 0.0
q3_8 5 0.000129 0.0 0.00011 0.0
q10_3_0 2 0.000107 0.0 9.3e-05 0.0
q9_2_4 1 5.9e-05 0.0 5e-05 0.0
q9_5_6 1 8.6e-05 0.0 8.1e-05 0.0
q_15_6 3 9.7e-05 0.0 0.000115 0.0
q10_4_5 2 0.000116 0.0 0.000103 0.0
q4_5_4 1 8.4e-05 0.0 7.4e-05 0.0
q_16_2 6 0.000159 0.0 0.000147 0.0
q6_3 3 0.00011 0.0 7.7e-05 0.0
q11_5_3 15 0.000222 0.0 0.00018 0.0
q9_5_9 1 8.5e-05 0.0 7.8e-05 0.0
q_15_2 3 0.000135 0.0 9.1e-05 0.0
q_12_3 12 0.000137 0.0 0.00011 0.0
q_13_5 12 0.000162 0.0 0.000124 0.0
q4_3_0 1 6.3e-05 0.0 5.6e-05 0.0
q9_5_1 1 9.6e-05 0.0 8.1e-05 0.0
q7_8 4 0.000129 0.0 0.000105 0.0
q10_3_7 2 9.7e-05 0.0 9.8e-05 0.0
q9_3_5 1 6.3e-05 0.0 5.6e-05 0.0
q10_2_0 2 0.000125 0.0 0.000104 0.0
q6_2 3 7.3e-05 0.0 6.1e-05 0.0
q_14_1 17 0.000191 0.0 0.000181 0.0
q9_4_2 1 9.2e-05 0.0 7.5e-05 0.0
q9_3_4 1 6.3e-05 0.0 7.2e-05 0.0
q9_3_6 1 6.3e-05 0.0 5.6e-05 0.0
q5_2 4 0.000132 0.0 0.000105 0.0
q11_3_6 6 0.000139 0.0 0.000121 0.0
q_16_8 6 0.000162 0.0 0.00015 0.0
q10_3_5 2 0.000105 0.0 9.4e-05 0.0
q9_2_2 1 5.4e-05 0.0 5.5e-05 0.0
q11_3_1 6 0.000139 0.0 0.000125 0.0
q2_8 2 8e-05 0.0 6.2e-05 0.0
q11_2_2 3 9.4e-05 0.0 8.7e-05 0.0
q11_4_9 10 0.000171 0.0 0.000166 0.0
q10_5_2 2 0.00013 0.0 0.000121 0.0
q9_3_8 1 6.3e-05 0.0 5.6e-05 0.0
q_16_9 6 0.000186 0.0 0.000146 0.0
q8_5 2 7.1e-05 0.0 6.2e-05 0.0
q7_9 4 0.00011 0.0 9.9e-05 0.0
q4_4_3 1 7.9e-05 0.0 8.9e-05 0.0
q10_5_1 2 0.000148 0.0 0.000122 0.0
q9_2_0 1 6e-05 0.0 5.9e-05 0.0
q_13_7 12 0.000145 0.0 0.000136 0.0
q11_4_6 10 0.000226 0.0 0.000177 0.0
q4_5_6 1 8.4e-05 0.0 7.8e-05 0.0
q2_5 2 7.5e-05 0.0 8.3e-05 0.0
q9_2_1 1 7.5e-05 0.0 5e-05 0.0
q4_4_6 1 7.5e-05 0.0 6.9e-05 0.0
q9_2_6 1 6e-05 0.0 5.3e-05 0.0
q11_2_9 3 0.000119 0.0 0.000115 0.0
q4_2_1 1 5.7e-05 0.0 5e-05 0.0
q10_2_9 2 9e-05 0.0 7.9e-05 0.0
q_16_0 6 0.000185 0.0 0.00017 0.0
q4_5_0 1 8.7e-05 0.0 7.9e-05 0.0
q6_1 3 7.6e-05 0.0 7.2e-05 0.0
q4_4_4 1 7.7e-05 0.0 8.3e-05 0.0
q3_0 5 0.000117 0.0 0.000103 0.0
q11_2_8 3 0.000107 0.0 9e-05 0.0
q9_5_8 1 8.6e-05 0.0 9.4e-05 0.0
q4_3_4 1 6.7e-05 0.0 6e-05 0.0
q3_5 5 0.000116 0.0 0.000103 0.0
q11_2_0 3 0.0001 0.0 9e-05 0.0
q10_4_9 2 0.000118 0.0 0.00012 0.0
q4_2_4 1 7.6e-05 0.0 5.7e-05 0.0
q9_4_1 1 7.5e-05 0.0 6.8e-05 0.0
q10_2_2 2 0.000104 0.0 0.000101 0.0
q9_2_7 1 7.1e-05 0.0 6.3e-05 0.0
q_12_4 12 0.000148 0.0 0.000138 0.0
q_13_9 12 0.000181 0.0 0.000143 0.0
q2_0 2 7.6e-05 0.0 7.2e-05 0.0
q4_2_3 1 7.2e-05 0.0 5.1e-05 0.0
q9_4_4 1 9.4e-05 0.0 6.8e-05 0.0
q9_3_9 1 6.6e-05 0.0 6e-05 0.0
q10_3_8 2 0.000103 0.0 0.000109 0.0
q4_3_8 1 6.7e-05 0.0 6e-05 0.0
q2_1 2 7.5e-05 0.0 6.5e-05 0.0
q11_5_6 15 0.000252 0.0 0.000214 0.0
q11_3_0 6 0.00014 0.0 0.000129 0.0
q10_2_7 2 9.7e-05 0.0 7.9e-05 0.0
q11_5_0 15 0.000239 0.0 0.000219 0.0
q1_0 1 4.8e-05 0.0 4e-05 0.0
q8_9 2 7.6e-05 0.0 6.5e-05 0.0
q11_2_5 3 0.0001 0.0 9.8e-05 0.0
q10_2_8 2 9.7e-05 0.0 7.8e-05 0.0
q8_1 2 7.5e-05 0.0 6.6e-05 0.0
q_14_6 17 0.0002 0.0 0.00019 0.0
q_12_6 12 0.000156 0.0 0.000152 0.0
q9_4_3 1 7.8e-05 0.0 6.8e-05 0.0
q11_3_8 6 0.000148 0.0 0.000134 0.0
q5_8 4 0.000131 0.0 0.00011 0.0
q11_3_5 6 0.000138 0.0 0.000128 0.0
q10_4_3 2 0.000128 0.0 0.000153 0.0
q3_9 5 0.000115 0.0 0.000102 0.0
q_16_6 6 0.000202 0.0 0.000171 0.0
q4_2_6 1 5.8e-05 0.0 5.3e-05 0.0
q9_2_9 1 5.7e-05 0.0 5.4e-05 0.0
q10_3_4 2 0.000148 0.0 9.2e-05 0.0
q8_4 2 9.4e-05 0.0 7.1e-05 0.0
q11_3_4 6 0.00015 0.0 0.000128 0.0
q_14_0 17 0.000237 0.0 0.000189 0.0
q5_4 4 0.000117 0.0 0.000104 0.0
q_12_8 12 0.000134 0.0 0.000139 0.0
q4_5_2 1 9.7e-05 0.0 9.2e-05 0.0
q9_3_1 1 8.7e-05 0.0 7.9e-05 0.0
q5_5 4 0.000139 0.0 0.000103 0.0
q1_9 1 4.8e-05 0.0 5.1e-05 0.0
q_12_7 12 0.000134 0.0 0.000146 0.0
q_16_1 6 0.000175 0.0 0.000155 0.0
q_15_7 3 0.000103 0.0 0.00012 0.0
q11_3_2 6 0.000151 0.0 0.000138 0.0
q11_5_1 15 0.000226 0.0 0.000199 0.0
q4_2_8 1 5.9e-05 0.0 5.7e-05 0.0
q_13_0 12 0.000145 0.0 0.000138 0.0
q_12_2 12 0.000186 0.0 0.000118 0.0
q4_2_5 1 5.7e-05 0.0 5.1e-05 0.0
q11_4_8 10 0.000189 0.0 0.000145 0.0
q_12_1 12 0.000147 0.0 0.00012 0.0
q_15_3 3 0.000103 0.0 0.000125 0.0
q9_5_3 1 8.6e-05 0.0 7.8e-05 0.0
q9_4_9 1 9.6e-05 0.0 7.1e-05 0.0
q4_3_9 1 7.5e-05 0.0 5.9e-05 0.0
q10_4_6 2 0.000118 0.0 0.000106 0.0
q2_9 2 9.2e-05 0.0 6.5e-05 0.0
q4_2_9 1 6.7e-05 0.0 5e-05 0.0
LUBM1.5M/regexes:
q7_7 4 0.000116 0.0 0.000104 0.0
q11_4_7 10 0.000199 0.0 0.000179 0.0
q10_3_3 2 0.000115 0.0 0.000108 0.0
q10_5_6 2 0.000137 0.0 0.000118 0.0
q7_6 4 0.000123 0.0 0.000106 0.0
q7_0 4 0.00013 0.0 0.000104 0.0
q6_9 3 7.3e-05 0.0 6.4e-05 0.0
q10_2_4 2 9.5e-05 0.0 8.2e-05 0.0
q_14_5 17 0.000192 0.0 0.00017 0.0
q9_5_0 1 8.7e-05 0.0 7.8e-05 0.0
q_15_8 3 0.000103 0.0 9.2e-05 0.0
q7_3 4 0.000129 0.0 0.000118 0.0
q2_7 2 9e-05 0.0 8.3e-05 0.0
q_15_4 3 0.000121 0.0 0.0001 0.0
q10_5_4 2 0.000132 0.0 0.000118 0.0
q9_2_5 1 6e-05 0.0 6.1e-05 0.0
q11_5_9 15 0.000242 0.0 0.0002 0.0
q6_8 3 0.000118 0.0 7e-05 0.0
q4_4_7 1 8e-05 0.0 7e-05 0.0
q10_4_8 2 0.000136 0.0 0.000119 0.0
q9_5_5 1 8.7e-05 0.0 7.8e-05 0.0
q11_2_4 3 0.00011 0.0 9.2e-05 0.0
q_16_7 6 0.000209 0.0 0.00017 0.0
q11_2_3 3 0.000119 0.0 9.9e-05 0.0
q9_5_7 1 8.5e-05 0.0 8.4e-05 0.0
q2_2 2 8.5e-05 0.0 6.5e-05 0.0
q_12_9 12 0.000129 0.0 0.000117 0.0
q1_2 1 4.7e-05 0.0 4.5e-05 0.0
q_13_6 12 0.000189 0.0 0.000157 0.0
q10_4_1 2 0.00016 0.0 0.000105 0.0
q11_4_4 10 0.000188 0.0 0.000143 0.0
q5_7 4 0.000135 0.0 0.000105 0.0
q5_9 4 0.000119 0.0 0.000134 0.0
q11_5_5 15 0.000265 0.0 0.000203 0.0
q11_4_1 10 0.000201 0.0 0.00016 0.0
q10_5_9 2 0.000136 0.0 0.000118 0.0
q4_4_2 1 9.3e-05 0.0 7.4e-05 0.0
q10_4_2 2 0.00012 0.0 0.000105 0.0
q10_4_0 2 0.00014 0.0 0.000123 0.0
q4_5_9 1 8.6e-05 0.0 7.8e-05 0.0
q9_4_8 1 9.2e-05 0.0 8.3e-05 0.0
q10_5_0 2 0.000134 0.0 0.000128 0.0
q11_4_5 10 0.000258 0.0 0.000155 0.0
q10_3_1 2 0.000103 0.0 9.1e-05 0.0
q8_0 2 8.8e-05 0.0 6.1e-05 0.0
q10_2_6 2 9.5e-05 0.0 9.3e-05 0.0
q9_3_2 1 6.7e-05 0.0 5.9e-05 0.0
q7_5 4 0.000116 0.0 0.000105 0.0
q9_5_4 1 9.3e-05 0.0 9.8e-05 0.0
q4_2_7 1 5.4e-05 0.0 4.7e-05 0.0
q6_7 3 7.7e-05 0.0 9.6e-05 0.0
q2_3 2 7.9e-05 0.0 8.3e-05 0.0
q1_6 1 5.8e-05 0.0 4e-05 0.0
q4_3_5 1 6.3e-05 0.0 6.3e-05 0.0
q_13_4 12 0.000162 0.0 0.000158 0.0
q11_5_2 15 0.000228 0.0 0.000179 0.0
q3_6 5 0.000114 0.0 0.000135 0.0
q5_1 4 0.000122 0.0 0.00011 0.0
q9_3_0 1 6.6e-05 0.0 5.9e-05 0.0
q9_2_8 1 5.7e-05 0.0 5e-05 0.0
q8_2 2 7.9e-05 0.0 7.1e-05 0.0
q2_4 2 7.4e-05 0.0 6.5e-05 0.0
q1_7 1 4.4e-05 0.0 5.6e-05 0.0
q9_4_0 1 9e-05 0.0 6.9e-05 0.0
q4_2_2 1 5.7e-05 0.0 5e-05 0.0
q9_5_2 1 0.000104 0.0 7.9e-05 0.0
q_16_5 6 0.000168 0.0 0.000172 0.0
q11_5_7 15 0.000209 0.0 0.000231 0.0
q4_3_7 1 7.1e-05 0.0 7.4e-05 0.0
q10_3_9 2 0.000104 0.0 9.2e-05 0.0
q3_3 5 0.00012 0.0 0.000134 0.0
q6_6 3 7.9e-05 0.0 6.8e-05 0.0
q9_4_6 1 7.5e-05 0.0 6.9e-05 0.0
q11_4_0 10 0.000217 0.0 0.000144 0.0
q_14_7 17 0.000195 0.0 0.000205 0.0
q_13_3 12 0.000159 0.0 0.000132 0.0
q_15_5 3 0.000106 0.0 0.000117 0.0
q4_3_1 1 7.2e-05 0.0 6e-05 0.0
q11_5_8 15 0.000215 0.0 0.000181 0.0
q1_8 1 4.8e-05 0.0 5.7e-05 0.0
q4_3_6 1 7.2e-05 0.0 5.9e-05 0.0
q1_4 1 4.7e-05 0.0 4e-05 0.0
q11_2_1 3 0.000132 0.0 0.000129 0.0
q4_4_9 1 9.3e-05 0.0 6.8e-05 0.0
q1_1 1 5.3e-05 0.0 4.3e-05 0.0
q_12_5 12 0.000131 0.0 0.000118 0.0
q2_6 2 8.4e-05 0.0 0.0001 0.0
q_15_1 3 0.000119 0.0 9.4e-05 0.0
q4_4_0 1 7.6e-05 0.0 6.9e-05 0.0
q5_0 4 0.000115 0.0 0.000103 0.0
q11_3_9 6 0.000164 0.0 0.000141 0.0
q_14_8 17 0.000212 0.0 0.000185 0.0
q_14_4 17 0.00019 0.0 0.000192 0.0
q_14_3 17 0.000239 0.0 0.000193 0.0
q9_2_3 1 5.8e-05 0.0 5.1e-05 0.0
q_13_8 12 0.000151 0.0 0.000146 0.0
q9_4_5 1 0.000139 0.0 7.5e-05 0.0
q4_3_2 1 7.4e-05 0.0 5.9e-05 0.0
q8_7 2 8.3e-05 0.0 6.6e-05 0.0
q_16_4 6 0.000176 0.0 0.000155 0.0
q11_4_3 10 0.000228 0.0 0.000201 0.0
q10_3_6 2 0.000109 0.0 9.2e-05 0.0
q7_2 4 0.000116 0.0 0.000104 0.0
q1_3 1 5.5e-05 0.0 5.1e-05 0.0
q7_1 4 0.000135 0.0 0.000111 0.0
q_15_0 3 0.000106 0.0 9.7e-05 0.0
q3_7 5 0.000113 0.0 0.000123 0.0
q6_4 3 8.9e-05 0.0 7.1e-05 0.0
q4_3_3 1 6.4e-05 0.0 5.6e-05 0.0
q11_3_3 6 0.000198 0.0 0.00013 0.0
q8_6 2 8.1e-05 0.0 6.5e-05 0.0
q4_5_7 1 8.4e-05 0.0 7.8e-05 0.0
q8_3 2 7.6e-05 0.0 7.1e-05 0.0
q10_5_5 2 0.000166 0.0 0.000125 0.0
q11_2_6 3 0.00012 0.0 0.000106 0.0
q7_4 4 0.000116 0.0 0.000105 0.0
q_16_3 6 0.000171 0.0 0.000173 0.0
q_14_9 17 0.000182 0.0 0.000182 0.0
q3_4 5 0.00013 0.0 0.000111 0.0
q4_5_5 1 8.6e-05 0.0 7.8e-05 0.0
q3_1 5 0.000131 0.0 0.000103 0.0
q4_4_8 1 7.5e-05 0.0 8.1e-05 0.0
q_13_2 12 0.000146 0.0 0.000132 0.0
q10_4_7 2 0.000119 0.0 0.000105 0.0
q10_2_5 2 8.9e-05 0.0 7.9e-05 0.0
q9_3_3 1 6.9e-05 0.0 5.9e-05 0.0
q8_8 2 7.5e-05 0.0 6.8e-05 0.0
q10_5_8 2 0.000142 0.0 0.000115 0.0
q4_2_0 1 5.7e-05 0.0 5e-05 0.0
q3_2 5 0.000125 0.0 0.000103 0.0
q9_3_7 1 6.6e-05 0.0 7.4e-05 0.0
q5_6 4 0.000115 0.0 0.000154 0.0
q10_3_2 2 0.000104 0.0 9.2e-05 0.0
q_12_0 12 0.000129 0.0 0.000137 0.0
q6_5 3 0.00012 0.0 6.4e-05 0.0
q10_4_4 2 0.000117 0.0 0.000106 0.0
q1_5 1 4.7e-05 0.0 4.8e-05 0.0
q9_4_7 1 0.000135 0.0 9.4e-05 0.0
q10_2_3 2 8.6e-05 0.0 8.1e-05 0.0
q6_0 3 7.4e-05 0.0 6.4e-05 0.0
q10_2_1 2 0.000101 0.0 7.9e-05 0.0
q4_4_5 1 7.8e-05 0.0 6.9e-05 0.0
q5_3 4 0.000119 0.0 0.000196 0.0
q11_5_4 15 0.000228 0.0 0.000197 0.0
q4_4_1 1 0.000137 0.0 0.000107 0.0
q4_5_3 1 8.5e-05 0.0 8.7e-05 0.0
q_14_2 17 0.000201 0.0 0.00017 0.0
q4_5_8 1 8.5e-05 0.0 0.00012 0.0
q_15_9 3 0.000161 0.0 0.000128 0.0
q11_2_7 3 0.0001 0.0 0.000106 0.0
q10_5_7 2 0.000134 0.0 0.00014 0.0
q_13_1 12 0.000153 0.0 0.000149 0.0
q11_4_2 10 0.00019 0.0 0.000149 0.0
q4_5_1 1 9e-05 0.0 8.7e-05 0.0
q10_5_3 2 0.00013 0.0 0.000112 0.0
q11_3_7 6 0.000168 0.0 0.000146 0.0
q3_8 5 0.000121 0.0 0.000104 0.0
q10_3_0 2 0.000103 0.0 0.000105 0.0
q9_2_4 1 6e-05 0.0 5.1e-05 0.0
q9_5_6 1 9.3e-05 0.0 8.4e-05 0.0
q_15_6 3 0.000127 0.0 9.8e-05 0.0
q10_4_5 2 0.000148 0.0 0.000106 0.0
q4_5_4 1 9.4e-05 0.0 8.4e-05 0.0
q_16_2 6 0.000195 0.0 0.000161 0.0
q6_3 3 7.4e-05 0.0 6.4e-05 0.0
q11_5_3 15 0.000239 0.0 0.000224 0.0
q9_5_9 1 0.000108 0.0 7.8e-05 0.0
q_15_2 3 0.000109 0.0 9.1e-05 0.0
q_12_3 12 0.000144 0.0 0.000128 0.0
q_13_5 12 0.000146 0.0 0.000138 0.0
q4_3_0 1 8.6e-05 0.0 7.6e-05 0.0
q9_5_1 1 9.5e-05 0.0 7.7e-05 0.0
q7_8 4 0.00014 0.0 0.000107 0.0
q10_3_7 2 0.000102 0.0 9.2e-05 0.0
q9_3_5 1 7.4e-05 0.0 6.6e-05 0.0
q10_2_0 2 9.4e-05 0.0 9.1e-05 0.0
q6_2 3 9e-05 0.0 7.7e-05 0.0
q_14_1 17 0.000186 0.0 0.000177 0.0
q9_4_2 1 7.6e-05 0.0 7.5e-05 0.0
q9_3_4 1 6.5e-05 0.0 5.9e-05 0.0
q9_3_6 1 6.6e-05 0.0 7.4e-05 0.0
q5_2 4 0.000126 0.0 0.000114 0.0
q11_3_6 6 0.000171 0.0 0.000154 0.0
q_16_8 6 0.000167 0.0 0.000154 0.0
q10_3_5 2 9.8e-05 0.0 8.7e-05 0.0
q9_2_2 1 5.3e-05 0.0 5.3e-05 0.0
q11_3_1 6 0.000137 0.0 0.000141 0.0
q2_8 2 7e-05 0.0 6.9e-05 0.0
q11_2_2 3 0.000105 0.0 8.5e-05 0.0
q11_4_9 10 0.000178 0.0 0.000154 0.0
q10_5_2 2 0.000122 0.0 0.00011 0.0
q9_3_8 1 6.9e-05 0.0 5.6e-05 0.0
q_16_9 6 0.000171 0.0 0.000147 0.0
q8_5 2 8.1e-05 0.0 6.2e-05 0.0
q7_9 4 0.000113 0.0 9.9e-05 0.0
q4_4_3 1 7.1e-05 0.0 8.4e-05 0.0
q10_5_1 2 0.000136 0.0 0.000112 0.0
q9_2_0 1 5.6e-05 0.0 4.7e-05 0.0
q_13_7 12 0.000158 0.0 0.000124 0.0
q11_4_6 10 0.00018 0.0 0.000137 0.0
q4_5_6 1 8.4e-05 0.0 8.1e-05 0.0
q2_5 2 7e-05 0.0 6.9e-05 0.0
q9_2_1 1 5.4e-05 0.0 4.7e-05 0.0
q4_4_6 1 7.1e-05 0.0 6.4e-05 0.0
q9_2_6 1 5.3e-05 0.0 6.2e-05 0.0
q11_2_9 3 9.4e-05 0.0 9.2e-05 0.0
q4_2_1 1 5.3e-05 0.0 5.3e-05 0.0
q10_2_9 2 8.7e-05 0.0 7.4e-05 0.0
q_16_0 6 0.000173 0.0 0.000146 0.0
q4_5_0 1 8.2e-05 0.0 7.3e-05 0.0
q6_1 3 6.9e-05 0.0 6e-05 0.0
q4_4_4 1 8.1e-05 0.0 6.5e-05 0.0
q3_0 5 0.000114 0.0 0.000115 0.0
q11_2_8 3 9.4e-05 0.0 9e-05 0.0
q9_5_8 1 0.000107 0.0 7.9e-05 0.0
q4_3_4 1 6.6e-05 0.0 5.9e-05 0.0
q3_5 5 0.000121 0.0 0.000128 0.0
q11_2_0 3 0.000115 0.0 9.1e-05 0.0
q10_4_9 2 0.000132 0.0 0.000112 0.0
q4_2_4 1 7.9e-05 0.0 5.9e-05 0.0
q9_4_1 1 8.9e-05 0.0 7.1e-05 0.0
q10_2_2 2 9.4e-05 0.0 8.8e-05 0.0
q9_2_7 1 5.9e-05 0.0 5.2e-05 0.0
q_12_4 12 0.000141 0.0 0.000132 0.0
q_13_9 12 0.000153 0.0 0.000132 0.0
q2_0 2 7.5e-05 0.0 8.1e-05 0.0
q4_2_3 1 6.1e-05 0.0 5.3e-05 0.0
q9_4_4 1 8.2e-05 0.0 7.9e-05 0.0
q9_3_9 1 6.8e-05 0.0 5.9e-05 0.0
q10_3_8 2 0.000104 0.0 9.9e-05 0.0
q4_3_8 1 6.6e-05 0.0 5.9e-05 0.0
q2_1 2 7.5e-05 0.0 6.5e-05 0.0
q11_5_6 15 0.000263 0.0 0.000212 0.0
q11_3_0 6 0.000156 0.0 0.000135 0.0
q10_2_7 2 8.9e-05 0.0 9.1e-05 0.0
q11_5_0 15 0.000233 0.0 0.000211 0.0
q1_0 1 5.1e-05 0.0 4.4e-05 0.0
q8_9 2 7.7e-05 0.0 7.2e-05 0.0
q11_2_5 3 0.0001 0.0 9e-05 0.0
q10_2_8 2 0.000115 0.0 8.4e-05 0.0
q8_1 2 9.3e-05 0.0 0.000115 0.0
q_14_6 17 0.000209 0.0 0.000183 0.0
q_12_6 12 0.000246 0.0 0.000219 0.0
q9_4_3 1 9.9e-05 0.0 0.000136 0.0
q11_3_8 6 0.000333 0.0 0.000235 0.0
q5_8 4 0.000196 0.0 0.000131 0.0
q11_3_5 6 0.000163 0.0 0.000136 0.0
q10_4_3 2 0.000144 0.0 0.00012 0.0
q3_9 5 0.000141 0.0 0.000148 0.0
q_16_6 6 0.000174 0.0 0.00017 0.0
q4_2_6 1 6e-05 0.0 5.5e-05 0.0
q9_2_9 1 5.9e-05 0.0 6.2e-05 0.0
q10_3_4 2 0.00011 0.0 0.000109 0.0
q8_4 2 8.8e-05 0.0 7.9e-05 0.0
q11_3_4 6 0.000173 0.0 0.000154 0.0
q_14_0 17 0.00021 0.0 0.000184 0.0
q5_4 4 0.000126 0.0 0.000117 0.0
q_12_8 12 0.000129 0.0 0.000117 0.0
q4_5_2 1 9.2e-05 0.0 7.8e-05 0.0
q9_3_1 1 6.6e-05 0.0 5.9e-05 0.0
q5_5 4 0.000121 0.0 0.000116 0.0
q1_9 1 4.7e-05 0.0 4.7e-05 0.0
q_12_7 12 0.000149 0.0 0.000137 0.0
q_16_1 6 0.000217 0.0 0.000219 0.0
q_15_7 3 0.000197 0.0 0.000188 0.0
q11_3_2 6 0.000229 0.0 0.000145 0.0
q11_5_1 15 0.000235 0.0 0.000202 0.0
q4_2_8 1 5.8e-05 0.0 5e-05 0.0
q_13_0 12 0.000145 0.0 0.000132 0.0
q_12_2 12 0.000129 0.0 0.000132 0.0
q4_2_5 1 5.7e-05 0.0 5.1e-05 0.0
q11_4_8 10 0.000204 0.0 0.000193 0.0
q_12_1 12 0.000142 0.0 0.000118 0.0
q_15_3 3 0.000103 0.0 8.5e-05 0.0
q9_5_3 1 8e-05 0.0 8e-05 0.0
q9_4_9 1 7.2e-05 0.0 6.5e-05 0.0
q4_3_9 1 6.9e-05 0.0 5.6e-05 0.0
q10_4_6 2 0.000127 0.0 0.000116 0.0
q2_9 2 7.8e-05 0.0 6.6e-05 0.0
q4_2_9 1 5.4e-05 0.0 4.7e-05 0.0
LUBM1.9M/regexes:
q7_7 4 0.00013 0.0 0.000105 0.0
q11_4_7 10 0.000184 0.0 0.000136 0.0
q10_3_3 2 0.000102 0.0 0.000115 0.0
q10_5_6 2 0.000163 0.0 0.000112 0.0
q7_6 4 0.000123 0.0 9.8e-05 0.0
q7_0 4 0.000111 0.0 0.000103 0.0
q6_9 3 6.9e-05 0.0 6e-05 0.0
q10_2_4 2 0.000152 0.0 8.3e-05 0.0
q_14_5 17 0.000206 0.0 0.000173 0.0
q9_5_0 1 8.1e-05 0.0 8.1e-05 0.0
q_15_8 3 0.000123 0.0 9.2e-05 0.0
q7_3 4 0.000125 0.0 9.8e-05 0.0
q2_7 2 7e-05 0.0 7.3e-05 0.0
q_15_4 3 0.000123 0.0 8.5e-05 0.0
q10_5_4 2 0.000144 0.0 0.000118 0.0
q9_2_5 1 5.5e-05 0.0 4.8e-05 0.0
q11_5_9 15 0.000216 0.0 0.000179 0.0
q6_8 3 9.1e-05 0.0 6.1e-05 0.0
q4_4_7 1 7.4e-05 0.0 7.9e-05 0.0
q10_4_8 2 0.000132 0.0 0.000107 0.0
q9_5_5 1 8.1e-05 0.0 7.4e-05 0.0
q11_2_4 3 9.8e-05 0.0 0.00011 0.0
q_16_7 6 0.000161 0.0 0.00017 0.0
q11_2_3 3 0.000114 0.0 9.9e-05 0.0
q9_5_7 1 0.000105 0.0 7.8e-05 0.0
q2_2 2 8.9e-05 0.0 7.4e-05 0.0
q_12_9 12 0.000132 0.0 0.000132 0.0
q1_2 1 4.8e-05 0.0 3.8e-05 0.0
q_13_6 12 0.000157 0.0 0.000131 0.0
q10_4_1 2 0.000142 0.0 0.000175 0.0
q11_4_4 10 0.000191 0.0 0.000161 0.0
q5_7 4 0.000115 0.0 0.000102 0.0
q5_9 4 0.000129 0.0 9.8e-05 0.0
q11_5_5 15 0.000249 0.0 0.000192 0.0
q11_4_1 10 0.000184 0.0 0.000135 0.0
q10_5_9 2 0.000123 0.0 0.000119 0.0
q4_4_2 1 7.2e-05 0.0 7e-05 0.0
q10_4_2 2 0.000111 0.0 0.0001 0.0
q10_4_0 2 0.000127 0.0 0.000115 0.0
q4_5_9 1 8.6e-05 0.0 8.8e-05 0.0
q9_4_8 1 7.1e-05 0.0 7.1e-05 0.0
q10_5_0 2 0.000125 0.0 0.000118 0.0
q11_4_5 10 0.000185 0.0 0.000136 0.0
q10_3_1 2 0.000104 0.0 9.9e-05 0.0
q8_0 2 7.1e-05 0.0 6.8e-05 0.0
q10_2_6 2 8.4e-05 0.0 7.4e-05 0.0
q9_3_2 1 6.5e-05 0.0 5.5e-05 0.0
q7_5 4 0.000116 0.0 9.9e-05 0.0
q9_5_4 1 9.8e-05 0.0 7.4e-05 0.0
q4_2_7 1 5.3e-05 0.0 5.3e-05 0.0
q6_7 3 8.9e-05 0.0 7.1e-05 0.0
q2_3 2 7.8e-05 0.0 6.5e-05 0.0
q1_6 1 5.6e-05 0.0 4.3e-05 0.0
q4_3_5 1 6.6e-05 0.0 6e-05 0.0
q_13_4 12 0.000147 0.0 0.000133 0.0
q11_5_2 15 0.000229 0.0 0.00017 0.0
q3_6 5 0.000107 0.0 0.000116 0.0
q5_1 4 0.000109 0.0 0.000114 0.0
q9_3_0 1 6.2e-05 0.0 5.5e-05 0.0
q9_2_8 1 6e-05 0.0 5.4e-05 0.0
q8_2 2 9.5e-05 0.0 6.4e-05 0.0
q2_4 2 7e-05 0.0 6.2e-05 0.0
q1_7 1 5.1e-05 0.0 3.8e-05 0.0
q9_4_0 1 7.3e-05 0.0 6.5e-05 0.0
q4_2_2 1 7.1e-05 0.0 5.8e-05 0.0
q9_5_2 1 8.1e-05 0.0 9.3e-05 0.0
q_16_5 6 0.000162 0.0 0.000161 0.0
q11_5_7 15 0.000208 0.0 0.00021 0.0
q4_3_7 1 8.3e-05 0.0 6.3e-05 0.0
q10_3_9 2 0.00011 0.0 0.000111 0.0
q3_3 5 0.000157 0.0 0.000106 0.0
q6_6 3 7.7e-05 0.0 6.4e-05 0.0
q9_4_6 1 7.9e-05 0.0 6.9e-05 0.0
q11_4_0 10 0.000229 0.0 0.000163 0.0
q_14_7 17 0.000196 0.0 0.000174 0.0
q_13_3 12 0.000154 0.0 0.000138 0.0
q_15_5 3 0.000103 0.0 0.00011 0.0
q4_3_1 1 7.4e-05 0.0 6.7e-05 0.0
q11_5_8 15 0.000221 0.0 0.000182 0.0
q1_8 1 4.7e-05 0.0 4.2e-05 0.0
q4_3_6 1 6.8e-05 0.0 5.9e-05 0.0
q1_4 1 4.7e-05 0.0 4e-05 0.0
q11_2_1 3 0.000111 0.0 9.1e-05 0.0
q4_4_9 1 7.5e-05 0.0 7.8e-05 0.0
q1_1 1 6.8e-05 0.0 4.1e-05 0.0
q_12_5 12 0.00019 0.0 0.000124 0.0
q2_6 2 9e-05 0.0 7e-05 0.0
q_15_1 3 0.000116 0.0 0.000102 0.0
q4_4_0 1 9.6e-05 0.0 7.6e-05 0.0
q5_0 4 0.000123 0.0 0.000116 0.0
q11_3_9 6 0.000159 0.0 0.000135 0.0
q_14_8 17 0.000202 0.0 0.0002 0.0
q_14_4 17 0.000188 0.0 0.00017 0.0
q_14_3 17 0.000224 0.0 0.000205 0.0
q9_2_3 1 6.1e-05 0.0 5.1e-05 0.0
q_13_8 12 0.000157 0.0 0.000137 0.0
q9_4_5 1 7.8e-05 0.0 6.9e-05 0.0
q4_3_2 1 8e-05 0.0 7e-05 0.0
q8_7 2 7.7e-05 0.0 6.5e-05 0.0
q_16_4 6 0.000193 0.0 0.000199 0.0
q11_4_3 10 0.00018 0.0 0.000158 0.0
q10_3_6 2 0.000121 0.0 9.2e-05 0.0
q7_2 4 0.000116 0.0 0.000104 0.0
q1_3 1 4.8e-05 0.0 4.4e-05 0.0
q7_1 4 0.000123 0.0 0.000111 0.0
q_15_0 3 0.000112 0.0 9.1e-05 0.0
q3_7 5 0.000116 0.0 0.000109 0.0
q6_4 3 7.3e-05 0.0 8.3e-05 0.0
q4_3_3 1 6.7e-05 0.0 5.9e-05 0.0
q11_3_3 6 0.000162 0.0 0.000135 0.0
q8_6 2 8.9e-05 0.0 7e-05 0.0
q4_5_7 1 9e-05 0.0 8.5e-05 0.0
q8_3 2 7.7e-05 0.0 7.2e-05 0.0
q10_5_5 2 0.000142 0.0 0.000133 0.0
q11_2_6 3 0.000101 0.0 8.6e-05 0.0
q7_4 4 0.000109 0.0 9.9e-05 0.0
q_16_3 6 0.000167 0.0 0.000179 0.0
q_14_9 17 0.000216 0.0 0.000162 0.0
q3_4 5 0.000107 0.0 0.000116 0.0
q4_5_5 1 8.4e-05 0.0 9.2e-05 0.0
q3_1 5 0.000127 0.0 0.000115 0.0
q4_4_8 1 7.5e-05 0.0 6.8e-05 0.0
q_13_2 12 0.000143 0.0 0.000124 0.0
q10_4_7 2 0.000117 0.0 0.0001 0.0
q10_2_5 2 8.4e-05 0.0 8.1e-05 0.0
q9_3_3 1 6.3e-05 0.0 6.2e-05 0.0
q8_8 2 7.3e-05 0.0 6.2e-05 0.0
q10_5_8 2 0.000124 0.0 0.000119 0.0
q4_2_0 1 5.4e-05 0.0 4.8e-05 0.0
q3_2 5 0.000111 0.0 9.7e-05 0.0
q9_3_7 1 8.8e-05 0.0 5.7e-05 0.0
q5_6 4 0.000109 0.0 0.0001 0.0
q10_3_2 2 0.000105 0.0 9.3e-05 0.0
q_12_0 12 0.00013 0.0 0.000129 0.0
q6_5 3 7e-05 0.0 6.3e-05 0.0
q10_4_4 2 0.000127 0.0 9.9e-05 0.0
q1_5 1 4.9e-05 0.0 3.8e-05 0.0
q9_4_7 1 7.1e-05 0.0 6.5e-05 0.0
q10_2_3 2 8.9e-05 0.0 9e-05 0.0
q6_0 3 7.1e-05 0.0 6e-05 0.0
q10_2_1 2 8.8e-05 0.0 8.9e-05 0.0
q4_4_5 1 7.2e-05 0.0 6.6e-05 0.0
q5_3 4 0.000156 0.0 0.000111 0.0
q11_5_4 15 0.000271 0.0 0.000184 0.0
q4_4_1 1 7.2e-05 0.0 7.2e-05 0.0
q4_5_3 1 8.9e-05 0.0 7.8e-05 0.0
q_14_2 17 0.00023 0.0 0.000227 0.0
q4_5_8 1 8.6e-05 0.0 8e-05 0.0
q_15_9 3 0.000106 0.0 9.2e-05 0.0
q11_2_7 3 0.000114 0.0 0.000108 0.0
q10_5_7 2 0.000143 0.0 0.000158 0.0
q_13_1 12 0.000151 0.0 0.000147 0.0
q11_4_2 10 0.000178 0.0 0.000173 0.0
q4_5_1 1 9.2e-05 0.0 9e-05 0.0
q10_5_3 2 0.000144 0.0 0.000118 0.0
q11_3_7 6 0.000152 0.0 0.000163 0.0
q3_8 5 0.000118 0.0 0.000116 0.0
q10_3_0 2 0.000117 0.0 9.3e-05 0.0
q9_2_4 1 5.7e-05 0.0 5.2e-05 0.0
q9_5_6 1 8.4e-05 0.0 7.7e-05 0.0
q_15_6 3 0.000115 0.0 8.9e-05 0.0
q10_4_5 2 0.000173 0.0 0.000108 0.0
q4_5_4 1 9.6e-05 0.0 7.7e-05 0.0
q_16_2 6 0.000185 0.0 0.000162 0.0
q6_3 3 7.7e-05 0.0 7e-05 0.0
q11_5_3 15 0.000218 0.0 0.000187 0.0
q9_5_9 1 9.3e-05 0.0 8e-05 0.0
q_15_2 3 0.000142 0.0 9.8e-05 0.0
q_12_3 12 0.000133 0.0 0.000119 0.0
q_13_5 12 0.000163 0.0 0.000145 0.0
q4_3_0 1 7.8e-05 0.0 6.5e-05 0.0
q9_5_1 1 8.6e-05 0.0 7.9e-05 0.0
q7_8 4 0.000119 0.0 0.000124 0.0
q10_3_7 2 0.000103 0.0 9.1e-05 0.0
q9_3_5 1 7.2e-05 0.0 6.3e-05 0.0
q10_2_0 2 0.000107 0.0 7.9e-05 0.0
q6_2 3 8.1e-05 0.0 6.7e-05 0.0
q_14_1 17 0.000204 0.0 0.00017 0.0
q9_4_2 1 7.6e-05 0.0 6.8e-05 0.0
q9_3_4 1 8.5e-05 0.0 7.4e-05 0.0
q9_3_6 1 6.5e-05 0.0 5.9e-05 0.0
q5_2 4 0.000113 0.0 0.000105 0.0
q11_3_6 6 0.000144 0.0 0.000158 0.0
q_16_8 6 0.000171 0.0 0.000149 0.0
q10_3_5 2 0.000139 0.0 9.2e-05 0.0
q9_2_2 1 6.3e-05 0.0 6.1e-05 0.0
q11_3_1 6 0.000131 0.0 0.000132 0.0
q2_8 2 8.7e-05 0.0 7.5e-05 0.0
q11_2_2 3 9.9e-05 0.0 0.000106 0.0
q11_4_9 10 0.000178 0.0 0.000142 0.0
q10_5_2 2 0.000131 0.0 0.000148 0.0
q9_3_8 1 7e-05 0.0 8.7e-05 0.0
q_16_9 6 0.00017 0.0 0.000163 0.0
q8_5 2 0.000114 0.0 6.9e-05 0.0
q7_9 4 0.000115 0.0 0.000116 0.0
q4_4_3 1 8.8e-05 0.0 6.8e-05 0.0
q10_5_1 2 0.000133 0.0 0.000118 0.0
q9_2_0 1 6e-05 0.0 5.7e-05 0.0
q_13_7 12 0.00017 0.0 0.000147 0.0
q11_4_6 10 0.000179 0.0 0.000167 0.0
q4_5_6 1 8.7e-05 0.0 8.7e-05 0.0
q2_5 2 7.5e-05 0.0 7.1e-05 0.0
q9_2_1 1 5.7e-05 0.0 5.1e-05 0.0
q4_4_6 1 8e-05 0.0 7e-05 0.0
q9_2_6 1 5.7e-05 0.0 5e-05 0.0
q11_2_9 3 0.000101 0.0 9e-05 0.0
q4_2_1 1 5.7e-05 0.0 5e-05 0.0
q10_2_9 2 0.000107 0.0 7.9e-05 0.0
q_16_0 6 0.000168 0.0 0.000155 0.0
q4_5_0 1 0.000106 0.0 8.5e-05 0.0
q6_1 3 7.5e-05 0.0 7.5e-05 0.0
q4_4_4 1 8.2e-05 0.0 7.8e-05 0.0
q3_0 5 0.000116 0.0 0.000117 0.0
q11_2_8 3 0.000107 0.0 9.7e-05 0.0
q9_5_8 1 9.3e-05 0.0 7.8e-05 0.0
q4_3_4 1 6.7e-05 0.0 6.6e-05 0.0
q3_5 5 0.000144 0.0 0.000103 0.0
q11_2_0 3 0.000128 0.0 0.000109 0.0
q10_4_9 2 0.000166 0.0 0.000111 0.0
q4_2_4 1 5.7e-05 0.0 5e-05 0.0
q9_4_1 1 7.5e-05 0.0 8.5e-05 0.0
q10_2_2 2 9.2e-05 0.0 8.1e-05 0.0
q9_2_7 1 5.7e-05 0.0 7.2e-05 0.0
q_12_4 12 0.000134 0.0 0.000195 0.0
q_13_9 12 0.000191 0.0 0.000199 0.0
q2_0 2 8e-05 0.0 8.7e-05 0.0
q4_2_3 1 6e-05 0.0 5.1e-05 0.0
q9_4_4 1 8.7e-05 0.0 6.8e-05 0.0
q9_3_9 1 0.000127 0.0 0.000126 0.0
q10_3_8 2 0.000104 0.0 9.1e-05 0.0
q4_3_8 1 6.9e-05 0.0 5.9e-05 0.0
q2_1 2 8.1e-05 0.0 7.1e-05 0.0
q11_5_6 15 0.000221 0.0 0.0003 0.0
q11_3_0 6 0.000161 0.0 0.000175 0.0
q10_2_7 2 8.9e-05 0.0 7.8e-05 0.0
q11_5_0 15 0.000332 0.0 0.000231 0.0
q1_0 1 8.4e-05 0.0 4.1e-05 0.0
q8_9 2 7.9e-05 0.0 6.5e-05 0.0
q11_2_5 3 0.000126 0.0 9.5e-05 0.0
q10_2_8 2 9.5e-05 0.0 7.9e-05 0.0
q8_1 2 0.000107 0.0 9.9e-05 0.0
q_14_6 17 0.00019 0.0 0.000171 0.0
q_12_6 12 0.000136 0.0 0.000191 0.0
q9_4_3 1 7.7e-05 0.0 6.9e-05 0.0
q11_3_8 6 0.000162 0.0 0.000159 0.0
q5_8 4 0.000126 0.0 0.000117 0.0
q11_3_5 6 0.000139 0.0 0.000128 0.0
q10_4_3 2 0.000186 0.0 0.000106 0.0
q3_9 5 0.000129 0.0 0.000103 0.0
q_16_6 6 0.000168 0.0 0.000192 0.0
q4_2_6 1 5.8e-05 0.0 5e-05 0.0
q9_2_9 1 5.6e-05 0.0 6.8e-05 0.0
q10_3_4 2 0.000103 0.0 9.3e-05 0.0
q8_4 2 7.7e-05 0.0 7.2e-05 0.0
q11_3_4 6 0.000145 0.0 0.000128 0.0
q_14_0 17 0.000299 0.0 0.000176 0.0
q5_4 4 0.000135 0.0 0.000123 0.0
q_12_8 12 0.000169 0.0 0.000117 0.0
q4_5_2 1 0.000121 0.0 0.000104 0.0
q9_3_1 1 8.2e-05 0.0 6.1e-05 0.0
q5_5 4 0.000122 0.0 0.00011 0.0
q1_9 1 4.9e-05 0.0 4.1e-05 0.0
q_12_7 12 0.000151 0.0 0.000125 0.0
q_16_1 6 0.000236 0.0 0.000161 0.0
q_15_7 3 0.000107 0.0 9.1e-05 0.0
q11_3_2 6 0.000138 0.0 0.000138 0.0
q11_5_1 15 0.000267 0.0 0.000188 0.0
q4_2_8 1 5.8e-05 0.0 5.1e-05 0.0
q_13_0 12 0.000156 0.0 0.000152 0.0
q_12_2 12 0.00013 0.0 0.000117 0.0
q4_2_5 1 6e-05 0.0 5.7e-05 0.0
q11_4_8 10 0.00022 0.0 0.000143 0.0
q_12_1 12 0.000131 0.0 0.000118 0.0
q_15_3 3 0.000131 0.0 9.4e-05 0.0
q9_5_3 1 8.9e-05 0.0 7.8e-05 0.0
q9_4_9 1 9.1e-05 0.0 6.9e-05 0.0
q4_3_9 1 9e-05 0.0 7.4e-05 0.0
q10_4_6 2 0.000121 0.0 0.000137 0.0
q2_9 2 7.5e-05 0.0 6.5e-05 0.0
q4_2_9 1 5.7e-05 0.0 5e-05 0.0
